0 0.67734375 0.776377952756 0.0609375 0.0692913385827
0 0.459375 0.87874015748 0.06875 0.0692913385827
0 0.5640625 0.897637795276 0.06875 0.0724409448819
0 0.640625 0.86062992126 0.06875 0.0708661417323
0 0.45 0.948818897638 0.078125 0.0740157480315
0 0.753125 0.929921259843 0.06875 0.0677165354331
0 0.7828125 0.877165354331 0.065625 0.0692913385827
0 0.8296875 0.92125984252 0.06875 0.0724409448819
0 0.8734375 0.972440944882 0.06875 0.0582677165354
0 0.54453125 0.447244094488 0.0578125 0.0566929133858
0 0.475 0.429133858268 0.05625 0.0551181102362
