0 0.2375 0.74387755102 0.0875 0.112244897959
0 0.1484375 0.717346938776 0.084375 0.108163265306
0 0.08515625 0.659183673469 0.0796875 0.0897959183673
0 0.13203125 0.586734693878 0.0671875 0.0836734693878
0 0.19609375 0.525510204082 0.0609375 0.0755102040816
0 0.2 0.442857142857 0.053125 0.065306122449
0 0.88671875 0.661224489796 0.0796875 0.0979591836735
0 0.728125 0.420408163265 0.053125 0.0530612244898
0 0.65546875 0.428571428571 0.0515625 0.0612244897959
0 0.7671875 0.29693877551 0.0375 0.0428571428571
0 0.60546875 0.301020408163 0.0390625 0.0428571428571
0 0.278125 0.270408163265 0.034375 0.0387755102041
0 0.0265625 0.421428571429 0.040625 0.0632653061224
0 0.09140625 0.274489795918 0.0328125 0.0387755102041
0 0.9796875 0.536734693878 0.046875 0.0897959183673
0 0.6390625 0.369387755102 0.04375 0.0489795918367
0 0.31328125 0.660204081633 0.0734375 0.0959183673469
0 0.425 0.632653061224 0.053125 0.0857142857143
