0 0.334375 0.372357723577 0.0375 0.0390243902439
0 0.42890625 0.685365853659 0.0640625 0.0634146341463
0 0.61953125 0.539837398374 0.0609375 0.0585365853659
0 0.80546875 0.339837398374 0.0609375 0.0552845528455
0 0.259375 0.975609756098 0.0625 0.0520325203252
0 0.07578125 0.965040650407 0.0359375 0.0341463414634
0 0.83046875 0.89918699187 0.0296875 0.0292682926829
0 0.9546875 0.243902439024 0.05625 0.0585365853659
0 0.1953125 0.60487804878 0.0375 0.0390243902439
0 0.12421875 0.782926829268 0.0390625 0.0406504065041
0 0.459375 0.216260162602 0.0375 0.0325203252033
0 0.78125 0.706504065041 0.025 0.0276422764228
0 0.715625 0.560975609756 0.028125 0.0292682926829
0 0.58828125 0.131707317073 0.0390625 0.0390243902439
0 0.746875 0.0788617886179 0.0375 0.0406504065041
0 0.04921875 0.161788617886 0.0328125 0.0341463414634
0 0.13828125 0.0764227642276 0.0296875 0.0325203252033
0 0.26640625 0.464227642276 0.0359375 0.0341463414634
0 0.6765625 0.447154471545 0.025 0.0260162601626
0 0.13359375 0.330081300813 0.0203125 0.0227642276423
0 0.16953125 0.478048780488 0.0171875 0.019512195122
0 0.21171875 0.406504065041 0.0203125 0.0227642276423
0 0.62265625 0.347967479675 0.0265625 0.0227642276423
0 0.52265625 0.160975609756 0.0359375 0.0357723577236
0 0.3703125 0.153658536585 0.015625 0.0178861788618
0 0.10546875 0.436585365854 0.0171875 0.0178861788618
0 0.29375 0.644715447154 0.01875 0.0211382113821
0 0.890625 0.835772357724 0.025 0.0292682926829
