0 0.27109375 0.460526315789 0.0703125 0.102870813397
0 0.3828125 0.357655502392 0.065625 0.102870813397
0 0.4328125 0.478468899522 0.071875 0.1004784689
0 0.340625 0.632775119617 0.075 0.0980861244019
0 0.3421875 0.732057416268 0.078125 0.114832535885
0 0.4984375 0.724880382775 0.075 0.114832535885
0 0.5984375 0.539473684211 0.071875 0.112440191388
0 0.76015625 0.361244019139 0.0703125 0.0956937799043
0 0.72734375 0.52033492823 0.0765625 0.102870813397
0 0.69921875 0.710526315789 0.0796875 0.114832535885
0 0.846875 0.715311004785 0.075 0.1004784689
0 0.928125 0.712918660287 0.08125 0.114832535885
