0 0.156 0.735735735736 0.164 0.222222222222
0 0.407 0.551051051051 0.118 0.165165165165
0 0.041 0.0975975975976 0.038 0.0570570570571
0 0.385 0.190690690691 0.05 0.0750750750751
0 0.325 0.247747747748 0.058 0.0870870870871
0 0.77 0.165165165165 0.044 0.0600600600601
0 0.854 0.339339339339 0.088 0.126126126126
0 0.896 0.780780780781 0.164 0.21021021021
0 0.618 0.487987987988 0.104 0.153153153153
0 0.456 0.292792792793 0.084 0.0930930930931
0 0.177 0.352852852853 0.09 0.105105105105
0 0.442 0.852852852853 0.18 0.252252252252
0 0.598 0.717717717718 0.148 0.21021021021
0 0.63 0.312312312312 0.072 0.108108108108
0 0.454 0.151651651652 0.044 0.0630630630631
0 0.24 0.184684684685 0.056 0.0630630630631
0 0.094 0.100600600601 0.04 0.0570570570571
0 0.303 0.0975975975976 0.042 0.045045045045
0 0.896 0.0855855855856 0.032 0.039039039039
0 0.825 0.633633633634 0.134 0.168168168168
0 0.946 0.451951951952 0.092 0.123123123123
0 0.258 0.400900900901 0.096 0.123123123123
0 0.035 0.303303303303 0.062 0.126126126126
0 0.131 0.172672672673 0.042 0.0570570570571
0 0.168 0.274774774775 0.072 0.0750750750751
0 0.798 0.102102102102 0.032 0.042042042042
0 0.942 0.175675675676 0.048 0.0690690690691
0 0.763 0.271771771772 0.062 0.0810810810811
0 0.976 0.262762762763 0.052 0.105105105105
0 0.984 0.124624624625 0.036 0.0570570570571
0 0.568 0.246246246246 0.052 0.0780780780781
0 0.603 0.178678678679 0.046 0.0690690690691
0 0.45 0.384384384384 0.096 0.12012012012
