0 0.358 0.765333333333 0.032 0.048
0 0.373 0.321333333333 0.03 0.0346666666667
0 0.89 0.754666666667 0.032 0.0426666666667
0 0.811 0.321333333333 0.022 0.0346666666667
0 0.529 0.253333333333 0.014 0.0266666666667
0 0.058 0.492 0.024 0.0346666666667
0 0.536 0.434666666667 0.024 0.032
0 0.383 0.158666666667 0.022 0.0346666666667
0 0.546 0.781333333333 0.032 0.0426666666667
0 0.397 0.538666666667 0.026 0.0373333333333
0 0.65 0.206666666667 0.024 0.0293333333333
0 0.105 0.282666666667 0.026 0.032
0 0.855 0.914666666667 0.034 0.0426666666667
0 0.829 0.58 0.03 0.04
0 0.722 0.284 0.028 0.0346666666667
0 0.984 0.178666666667 0.024 0.0266666666667
